,Participant,spaCy,NLTK,nlptown,Cardiff,tabmulti,Hartmann,Bhadresh
Participant,1.0,0.33,0.494,0.555,0.652,0.495,0.552,0.481
spaCy,0.33,1.0,0.541,0.458,0.539,0.461,0.427,0.462
NLTK,0.494,0.541,1.0,0.6,0.726,0.575,0.617,0.596
nlptown,0.555,0.458,0.6,1.0,0.786,0.723,0.593,0.584
Cardiff,0.652,0.539,0.726,0.786,1.0,0.742,0.753,0.701
tabmulti,0.495,0.461,0.575,0.723,0.742,1.0,0.559,0.565
Hartmann,0.552,0.427,0.617,0.593,0.753,0.559,1.0,0.711
Bhadresh,0.481,0.462,0.596,0.584,0.701,0.565,0.711,1.0
